-176.126 -60.8332 -6.87491 -0.254626 
59.5768 27.5555 4.17367 0.205731 
73.1148 33.3575 5.00253 0.245201 
-26.6632 -16.5315 -3.3123 -0.216734 
-0.41684 -0.783675 -0.162739 -0.00676361 
19.1257 13.8732 3.50149 0.298589 
-35.7269 -40.9794 -14.7827 -1.73299 
27.912 54.479 32.9465 6.22188 
10 0.743018 -20.7895 -11.6901 
10 0.743018 -20.7895 11.0037 
25.8721 -46.8732 26.8267 -4.8684 
-18.5601 19.775 -6.49736 0.685617 
-9.92847 11.1434 -3.62017 0.365929 
28.706 -17.8325 3.62379 -0.237734 
16.4007 -10.4493 2.14716 -0.139292 
-32.4787 13.9904 -1.92613 0.0870017 
-58.0952 24.9689 -3.49448 0.161685 
188.242 -67.4076 8.05258 -0.319443 
-302.832 96.2838 -10.1354 0.354185 
214.75 -58.9907 5.3921 -0.163397 
