-175.849 -60.7398 -6.86449 -0.254241 
58.6696 27.2045 4.12854 0.203803 
75.3829 34.3673 5.15181 0.25253 
-31.8937 -19.2709 -3.7879 -0.244121 
10.5533 6.19725 1.30573 0.0954546 
-0.861222 -2.36364 -0.834491 -0.0828972 
-6.97317 -8.47559 -2.87181 -0.309266 
2.76864 6.13712 4.43455 0.90846 
0.9706 0.743018 -0.959557 -0.889575 
0.9706 0.743018 -0.959557 0.203139 
0.728722 1.46865 -1.68519 0.445017 
10.1937 -12.7289 5.41356 -0.738108 
-29.9154 27.3803 -7.95615 0.747415 
39.6762 -24.8134 5.09227 -0.339953 
11.1698 -7.7096 1.67151 -0.111902 
-30.2082 12.9794 -1.77666 0.0796627 
-59.0164 25.3258 -3.54043 0.163651 
188.597 -67.5293 8.06646 -0.319969 
-302.962 96.3237 -10.1394 0.354323 
214.786 -59.0007 5.39301 -0.163425 
